221
312	78	
32	347	
108	280	
182	440	
20	352	
55	307	
349	127	
63	355	
213	420	360	
74	294	
239	111	
28	408	
245	83	
332	156	
117	275	
58	282	
197	211	
119	295	
77	497	461	
189	215	
118	212	
151	206	
493	204	322	
410	444	234	
81	381	494	
492	274	450	387	
34	323	
238	488	315	
152	316	
262	162	
353	72	
79	284	
477	288	429	
45	442	
412	176	409	
17	473	
269	89	
436	16	
88	340	
6	380	
12	468	
36	339	
293	57	
422	405	153	
399	358	217	
496	133	363	
229	411	421	
417	305	416	
438	432	139	
403	107	464	
285	92	
112	219	
164	373	475	
173	184	
19	382	
400	328	249	
439	26	
27	302	
203	287	486	
271	66	
268	101	
401	85	487	
237	154	
37	303	
161	188	
319	50	
70	259	
97	241	
38	361	
392	29	
236	169	
86	434	
116	370	
155	324	
424	170	396	
225	128	
180	283	
428	465	134	
104	317	
289	129	
348	5	
335	47	
221	193	
250	113	
336	53	
253	201	
106	346	
9	466	
123	231	
476	258	308	
469	10	480	
470	2	
304	190	
14	364	
277	126	
286	441	374	
30	367	
124	276	
425	100	
254	102	
25	419	
46	371	
56	270	
209	132	
103	230	
52	278	
43	388	
447	60	
337	427	391	448	
369	3	
300	144	
377	41	
252	149	
255	73	
423	484	227	472	
75	279	
356	309	452	
61	272	
65	321	
297	44	
224	145	
166	393	
226	142	
385	24	
368	0	
54	463	479	
256	135	
326	59	
202	131	
298	67	
216	177	
451	257	430	454	
185	331	460	
181	160	
459	141	406	
384	446	168	
64	474	456	
273	199	
39	351	
318	49	
21	458	
218	313	
415	35	
115	383	490	
240	220	
99	248	
467	157	407	
109	489	431	
208	130	
84	455	
187	196	
404	87	
214	125	
178	205	
299	267	413	
325	23	
195	150	
414	163	435	
330	4	
198	222	
306	96	
62	395	
333	18	
457	338	445	345	
68	354	
31	366	
192	171	
498	375	148	
71	291	
265	138	
251	264	
247	82	
11	320	
207	143	
426	491	159	
48	281	
136	228	
481	329	167	
22	386	
137	223	
210	242	
232	147	
179	266	
175	365	
334	376	311	
1	453	
343	261	397	
310	186	471	
40	
80	378	
437	462	342	449	
402	122	
172	183	
398	121	
194	233	
263	69	
379	42	
433	114	483	
235	120	
314	146	
13	357	
350	8	
7	390	
191	200	
140	478	389	
327	93	
165	362	
260	94	
105	246	
91	243	
296	51	
394	443	158	
95	292	
15	344	
482	244	372	495	
341	76	
499	418	98	
485	33	
301	174	
290	110	
359	90	