227
178	491	344	
202	161	
120	260	
26	335	
302	448	241	
305	273	418	
487	430	56	
386	237	376	
17	339	
6	396	
371	467	160	
226	137	
5	374	
221	123	
155	474	353	
478	27	455	
401	194	420	
149	375	
354	4	
382	107	
277	227	
291	416	261	
207	143	
415	196	438	
49	
90	239	
270	254	
419	411	170	
497	380	427	
210	148	
44	320	
24	469	460	
169	453	
162	464	426	
485	222	322	
71	280	
236	105	
142	393	496	
203	172	
186	192	
358	15	
173	184	
185	211	
51	346	
444	125	406	
47	
99	
180	437	363	
248	98	
435	93	483	
316	108	
130	259	
168	193	
441	140	407	
255	394	349	
258	494	217	
215	191	
412	183	425	
243	102	
43	
63	
46	359	
72	264	
94	240	
355	459	175	
389	476	466	
48	324	
452	477	68	
12	408	
128	242	
325	70	
95	321	
378	30	
81	
224	
36	333	
138	195	
326	96	
331	439	232	
1	377	
87	268	
297	111	
405	11	
106	238	
493	442	341	
13	
229	482	307	
66	282	
334	59	
327	159	
250	144	
198	364	
306	57	
126	245	
338	8	
187	179	
145	208	
22	360	
52	308	
484	97	436	
77	440	
279	101	
117	388	461	
69	309	
114	219	
347	31	
298	422	252	
218	317	
67	311	
112	292	
41	315	
379	492	458	276	
122	390	465	
0	398	
310	342	392	
113	274	
84	281	
37	383	
134	424	413	
299	104	
38	350	
109	313	
286	78	
115	
89	314	
10	
283	119	
2	329	
60	
32	
233	147	
34	348	
25	372	
253	151	
20	312	
395	21	
328	45	
451	356	231	
163	206	
468	351	216	
133	228	
174	167	
181	486	
251	177	
116	369	
124	498	357	
188	201	
269	135	
445	58	
9	332	
473	171	428	
79	290	
121	293	
76	257	
462	275	
85	300	
103	287	
230	404	403	
373	385	256	
284	110	
33	340	
129	244	
40	
234	92	
225	136	
86	267	
35	
16	
91	337	
80	301	
481	480	14	
343	456	213	
296	397	370	
410	294	434	471	
100	235	
64	271	
50	362	
65	336	
39	303	
156	
152	399	449	
409	153	414	
304	366	457	472	
23	367	
223	381	384	
54	
262	182	
164	319	495	
463	150	421	
154	263	
470	88	429	
75	288	
83	246	
157	323	
18	400	
127	212	
165	189	
361	266	387	
318	29	
132	214	
345	53	
330	73	
62	
209	199	
479	391	166	
431	417	141	
139	205	
190	176	
289	55	
423	249	295	
74	365	
19	447	
158	
3	352	
131	
42	488	446	
61	489	443	
475	272	
82	278	
7	
118	499	432	
490	204	454	433	
368	450	220	
197	247	
200	146	
402	28	
285	265	