108
80	90	
2	163	
69	89	
83	112	
168	4	
19	148	
87	76	
191	117	209	
78	97	
190	212	93	
202	28	
118	46	
169	134	178	
147	57	
96	67	
92	98	
58	121	
165	227	
64	215	205	
247	186	200	
101	65	
183	56	233	
175	248	73	
44	115	
43	133	
1	188	
210	244	42	
94	180	226	
68	86	
126	223	146	
122	38	
17	179	
124	143	
23	153	
50	141	
120	81	
59	99	
74	75	
219	211	193	208	
111	72	
132	37	
21	138	
237	109	161	
196	6	
51	105	
114	160	
9	218	246	
25	150	
66	100	
110	48	
107	79	
166	131	192	
162	230	82	
11	
26	171	
47	144	
214	63	216	
60	106	
137	88	
12	167	
55	145	
234	54	187	
174	20	
245	199	40	
136	32	
129	36	
108	172	204	
177	18	
8	185	
53	116	
151	31	
13	241	217	
24	130	
207	197	91	
158	5	
152	45	
240	7	228	
181	194	139	
243	77	157	
224	113	156	
170	222	127	
125	30	
15	149	
198	103	176	
203	242	159	213	
195	173	102	
123	206	182	
189	0	
52	104	
35	
84	71	
155	16	
27	142	
236	119	135	
39	128	
41	154	
184	3	
14	238	
62	164	
140	34	
33	239	221	
232	29	229	
249	10	225	
231	22	
70	220	
85	95	
201	49	235	
61	