227
243	144	
443	109	422	
52	
50	478	461	
406	2	
23	326	
126	450	465	
276	85	
302	34	
64	348	
416	6	
94	323	
476	62	494	
190	
65	303	
161	216	
200	215	
356	141	
241	88	
69	332	
7	
28	352	
313	377	328	
320	175	468	
100	307	
240	121	
403	499	357	409	
59	341	
308	235	463	
448	176	334	
249	455	267	
104	230	
41	305	
367	40	
497	57	
232	156	
453	10	
24	462	489	
355	411	196	
274	124	
469	396	137	
54	
98	479	407	
36	351	
152	248	
225	125	
66	270	
195	146	
495	213	
138	234	
222	111	
304	439	244	
452	419	115	
74	
82	363	
365	43	
490	488	470	371	424	
221	359	
33	360	
157	224	
223	110	
275	136	
247	168	
15	353	
391	27	
9	338	
160	185	
435	133	427	
8	381	
369	346	
72	339	
47	322	
17	467	
262	77	
140	255	
132	264	
86	310	
189	212	
204	472	347	
192	
89	250	
187	170	
202	386	376	
285	145	
113	261	
314	368	300	
120	231	
39	299	
112	484	423	
31	
183	199	
135	263	
420	432	179	
203	180	
171	395	433	
333	446	184	
186	498	269	
102	251	
445	172	426	
451	404	182	
211	387	447	
233	114	
466	201	361	
96	239	
3	354	
430	471	55	
95	
44	316	
220	155	
42	335	
437	71	485	
191	163	
49	373	
315	311	364	
147	268	
295	291	
108	487	412	
11	383	
236	358	
318	83	
350	329	336	
228	284	460	
366	345	292	
441	375	193	
477	429	93	
30	
123	219	
162	349	
32	331	
205	246	
119	218	
397	401	210	
483	151	418	
217	475	324	
118	481	372	
384	12	
362	289	399	
169	166	
148	254	
309	63	
75	327	
382	385	286	
143	278	
379	29	
491	207	257	
117	273	
421	5	
130	252	
35	
128	229	
22	380	
194	153	
390	1	
325	107	
97	492	389	
103	283	
60	297	
457	150	413	
92	245	
73	265	
436	321	414	464	
438	177	425	
259	288	
139	
21	388	
206	393	
68	474	444	
344	173	459	
392	410	198	
293	76	
48	330	
290	45	
374	0	
19	
58	306	
53	493	486	
428	480	56	
197	394	434	
237	90	
260	415	456	
181	214	
277	122	
473	154	
26	442	
208	134	
46	337	
227	258	
342	440	482	405	
458	84	
242	105	
317	106	
417	449	165	
18	400	
25	378	
340	16	
408	167	
67	282	
238	158	
149	
99	294	
81	287	
142	
129	226	
116	266	
164	178	
78	
101	271	
279	188	
37	298	
127	398	
253	131	
343	14	
159	
61	319	
370	20	
454	496	38	
296	256	
80	
174	209	
431	4	
79	280	
13	402	
301	281	
70	
87	312	
272	91	
51	