108
241	23	205	
48	155	
17	140	
172	51	
70	88	
19	161	
163	58	
6	169	
18	178	
187	21	
224	109	223	239	
168	233	139	
30	129	
207	86	
148	64	
10	167	
226	128	165	
1	185	
99	200	173	
220	67	214	
44	186	
43	188	
228	184	76	
8	235	
142	181	174	
133	49	
123	85	
60	107	
91	127	
176	118	225	
94	82	
7	209	
14	166	
206	36	247	
81	198	211	
24	146	
216	240	15	
26	177	
179	0	
3	213	
245	124	98	
56	145	
175	28	
41	134	
79	90	
108	197	170	
144	27	
230	16	
69	78	
153	180	159	
215	222	47	
162	192	219	248	
63	92	
13	191	
121	55	
87	80	
249	138	96	
130	244	117	
229	38	212	
246	29	
137	39	
113	71	
53	116	
199	125	157	
135	22	
190	111	196	
25	194	
158	32	
31	182	
40	120	
119	131	
204	57	
110	74	
201	232	208	231	
61	115	
152	34	
183	12	
210	237	100	234	
160	50	
93	143	
9	149	
243	95	132	
104	84	
97	193	
171	5	
66	112	
42	238	195	
35	218	242	
150	20	
103	59	
164	2	
189	4	
136	54	
89	83	
101	227	147	
217	33	236	
68	106	
46	202	
126	62	
37	154	
65	105	
114	102	
11	156	
203	221	72	
52	151	
73	141	
75	77	
45	122	