108
178	19	
3	199	
181	201	101	
114	71	
168	107	229	
5	240	246	
28	
11	244	
207	24	
176	23	
70	84	
32	223	235	
227	63	215	
110	79	
64	108	
76	115	
38	133	
206	192	124	
130	25	
152	37	
203	243	46	
245	102	137	
57	117	
69	78	
167	26	
136	220	146	
48	121	
22	134	
126	41	
166	34	
163	238	89	
150	179	195	
100	186	187	
210	67	212	
221	175	82	
27	141	
45	190	
189	10	
33	140	
56	131	
58	111	
74	202	231	
83	72	
162	31	
169	21	
156	9	
16	225	234	
143	15	
193	200	104	
52	119	
87	183	230	
4	184	
62	125	
43	122	
85	159	
113	49	
92	88	
155	242	99	
165	29	
127	118	
75	106	
216	96	196	
172	1	
93	247	164	
149	182	236	248	
214	68	205	
98	185	218	
60	116	
177	17	
36	148	
42	142	
90	91	
135	44	
59	173	239	
226	222	208	170	
40	217	249	
160	20	
66	120	
228	86	197	
53	112	
151	18	
191	6	
51	
61	105	
2	171	
54	103	
7	188	
144	12	
209	204	81	
47	161	
213	77	224	
147	13	
211	8	
194	145	232	
132	219	153	
157	80	237	
94	73	
123	139	233	
128	39	
198	0	
174	14	
55	97	
180	109	
65	138	
158	241	95	
50	129	
154	30	
35	